%ANN_ERR: 0.0360877
%MRG_EPS: 0.25
%SYN_STR: 
%SYM_FRQ: 0.245467 0.527431 0.227101 
%PITILDE: size(11)
#PITILDE
0.230373 0.598363 0.171264 
0.116959 0.577193 0.305848 
0.440708 0.330973 0.228319 
0.0412979 0.469027 0.489676 
0.395379 0.473684 0.130937 
0.108527 0.232558 0.658915 
0.020202 0.161616 0.818182 
0.237581 0.587473 0.174946 
0.348039 0.25 0.401961 
0.518519 0.419753 0.0617284 
0.148936 0.680851 0.170213 
%CONNX: size(11)
#CONNX
1 0 2 
3 0 4 
1 0 5 
6 7 4 
1 4 8 
1 3 6 
0 4 4 
3 7 9 
1 0 0 
10 4 10 
0 7 0 

