%ANN_ERR: 0.0372275
%MRG_EPS: 0.01
%SYN_STR: 
%SYM_FRQ: 0.249316 0.750684 
%PITILDE: size(47)
#PITILDE
0.246618 0.753382 
0.0710498 0.92895 
0.26359 0.73641 
0.0147059 0.985294 
0.28864 0.71136 
0.254408 0.745592 
0.304841 0.695159 
0.5 0.5 
0.102019 0.897981 
0.0921053 0.907895 
0.153991 0.846009 
0.27013 0.72987 
0.5 0.5 
1 0 
0.276596 0.723404 
0.273088 0.726912 
0.391185 0.608815 
0.151832 0.848168 
0 1 
0.238813 0.761187 
0.294118 0.705882 
0.75 0.25 
0.449664 0.550336 
0.123396 0.876604 
0.297361 0.702639 
0.274648 0.725352 
0.257919 0.742081 
0.896552 0.103448 
0.1893 0.8107 
0.0959693 0.904031 
0.262376 0.737624 
0.332344 0.667656 
0 1 
0.183099 0.816901 
0.211847 0.788153 
0.333333 0.666667 
1 0 
0.666667 0.333333 
0 1 
0.329949 0.670051 
0.275862 0.724138 
0.393939 0.606061 
0.137821 0.86218 
0.282942 0.717058 
0.140794 0.859206 
0.327731 0.672269 
0.4875 0.5125 
%CONNX: size(47)
#CONNX
1 2 
3 4 
5 6 
7 4 
8 4 
9 4 
10 11 
12 13 
14 15 
16 11 
17 6 
10 0 
18 19 
14 20 
21 22 
23 24 
25 26 
27 28 
14 6 
29 15 
30 15 
31 15 
32 33 
33 34 
10 19 
35 16 
0 36 
37 38 
29 39 
32 20 
32 31 
36 36 
-1 5 
32 16 
1 40 
22 20 
15 -1 
20 32 
15 36 
32 41 
42 43 
30 43 
15 24 
44 19 
32 45 
32 46 
32 36 

