%ANN_ERR: 0.0460919
%MRG_EPS: 0.01
%SYN_STR: 
%SYM_FRQ: 0.277372 0.722628 
%PITILDE: size(21)
#PITILDE
0.444444 0.555556 
0.15625 0.84375 
0.324111 0.675889 
0.307692 0.692308 
0.277778 0.722222 
0.0972973 0.902703 
0.307692 0.692308 
0.333333 0.666667 
0.282051 0.717949 
0.222222 0.777778 
0.311377 0.688623 
0.538462 0.461538 
0.3 0.7 
0.5 0.5 
0.214286 0.785714 
0.0508475 0.949153 
0.31746 0.68254 
0.5 0.5 
0 1 
0.636364 0.363636 
0.75 0.25 
%CONNX: size(21)
#CONNX
1 2 
3 4 
5 6 
0 7 
5 8 
9 10 
5 2 
0 11 
12 0 
13 14 
15 6 
15 0 
0 16 
17 11 
18 19 
3 16 
1 0 
11 0 
0 11 
0 20 
0 11 

