%ANN_ERR: 0.0133658
%MRG_EPS: 0.01
%SYN_STR: 
%SYM_FRQ: 0.435893 0.564107 
%PITILDE: size(46)
#PITILDE
0.522222 0.477778 
0.242424 0.757576 
0.535714 0.464286 
0.382716 0.617284 
0.590164 0.409836 
0.297297 0.702703 
0.459459 0.540541 
0.397083 0.602917 
0.384615 0.615385 
0.30735 0.69265 
0.566717 0.433283 
0.373134 0.626866 
0.470588 0.529412 
0.357143 0.642857 
0.461538 0.538462 
0.547368 0.452632 
0.465839 0.534162 
0.666667 0.333333 
0.255208 0.744792 
0.472868 0.527132 
0.555556 0.444444 
0.5 0.5 
0.319728 0.680272 
0.689655 0.310345 
0.392442 0.607558 
0.464789 0.535211 
0.503497 0.496504 
0.381148 0.618852 
0.435897 0.564103 
0.458333 0.541667 
0.333333 0.666667 
0.354839 0.645161 
0.516556 0.483444 
0.5 0.5 
0.454545 0.545455 
0.384615 0.615385 
0 1 
1 0 
0.537037 0.462963 
0.384615 0.615385 
0.616438 0.383562 
0.545455 0.454545 
0.0851064 0.914894 
1 0 
0.7 0.3 
0.125 0.875 
%CONNX: size(46)
#CONNX
3 4 
5 6 
7 8 
9 10 
11 12 
13 14 
7 15 
9 16 
11 17 
18 10 
7 19 
9 0 
11 20 
18 4 
21 17 
22 23 
3 24 
22 25 
1 26 
27 16 
28 29 
30 10 
1 10 
25 19 
7 19 
22 7 
12 17 
31 32 
13 33 
34 35 
36 37 
18 38 
39 40 
18 6 
5 1 
41 42 
0 43 
0 6 
3 44 
1 38 
11 2 
41 12 
45 42 
28 0 
15 23 
0 28 

