%ANN_ERR: 0.0166373
%MRG_EPS: 0.01
%SYN_STR: 
%SYM_FRQ: 0.425704 0.574296 
%PITILDE: size(53)
#PITILDE
0.430303 0.569697 
0.380282 0.619718 
0.404255 0.595745 
0.326923 0.673077 
0.545455 0.454545 
0.491379 0.508621 
0.514706 0.485294 
0.534247 0.465753 
0.348101 0.651899 
0.630952 0.369048 
0.368421 0.631579 
0.382609 0.617391 
0.571429 0.428571 
0.2 0.8 
0.568862 0.431138 
0.396226 0.603774 
0.613636 0.386364 
0.380952 0.619048 
0.558824 0.441176 
0.314961 0.685039 
0.394366 0.605634 
0.7 0.3 
0.333333 0.666667 
0.636364 0.363636 
0.625 0.375 
0.405229 0.594771 
0.447059 0.552941 
0.225 0.775 
0.365591 0.634409 
0.471204 0.528796 
0.55814 0.44186 
0.857143 0.142857 
0.428571 0.571429 
0.275 0.725 
0.306452 0.693548 
0.5 0.5 
0.217593 0.782407 
0.444444 0.555556 
0.411765 0.588235 
0.564103 0.435897 
0.435644 0.564356 
0.5 0.5 
0.169118 0.830882 
0.75 0.25 
0.181818 0.818182 
0.517241 0.482759 
0.210526 0.789474 
0.470588 0.529412 
0.545455 0.454545 
0.666667 0.333333 
0.52381 0.47619 
0.55 0.45 
0.666667 0.333333 
%CONNX: size(53)
#CONNX
1 2 
3 4 
1 5 
6 7 
8 9 
10 11 
12 5 
8 6 
13 14 
15 16 
17 18 
19 20 
21 22 
23 24 
25 26 
11 18 
5 25 
27 16 
28 14 
28 29 
25 30 
31 0 
28 28 
32 7 
33 9 
34 35 
0 36 
37 29 
38 39 
1 40 
41 42 
43 0 
0 42 
44 45 
46 0 
19 47 
8 36 
0 39 
1 24 
0 14 
48 29 
26 25 
3 42 
49 0 
41 35 
19 39 
0 50 
27 35 
11 51 
50 0 
11 29 
0 52 
29 0 

