%ANN_ERR: 0.0197559
%MRG_EPS: 0.01
%SYN_STR: 
%SYM_FRQ: 0.428376 0.571624 
%PITILDE: size(48)
#PITILDE
0.433333 0.566667 
0.263415 0.736585 
0.539062 0.460938 
0.283333 0.716667 
0.55 0.45 
0.643939 0.356061 
0.179487 0.820513 
0.488889 0.511111 
0.298077 0.701923 
0.680851 0.319149 
0.285714 0.714286 
0.40625 0.59375 
0.30137 0.69863 
0.411765 0.588235 
0.419355 0.580645 
0.278846 0.721154 
0.666667 0.333333 
0.666667 0.333333 
0.230769 0.769231 
0.684211 0.315789 
0.197531 0.802469 
0.39726 0.60274 
0.307692 0.692308 
0.777778 0.222222 
0.186047 0.813953 
0.416667 0.583333 
0.3 0.7 
0.25 0.75 
0.454545 0.545455 
0.461538 0.538462 
0.0769231 0.923077 
0.584615 0.415385 
0.5 0.5 
1 0 
0.542857 0.457143 
0.289474 0.710526 
0.571429 0.428571 
0.5 0.5 
0.307692 0.692308 
0.5 0.5 
0.542857 0.457143 
0.583333 0.416667 
0.394737 0.605263 
0.777778 0.222222 
0.55 0.45 
0.518519 0.481481 
0.428571 0.571429 
0.666667 0.333333 
%CONNX: size(48)
#CONNX
1 2 
3 4 
1 5 
6 2 
1 7 
8 9 
10 11 
12 13 
14 5 
15 16 
0 17 
18 19 
20 2 
20 21 
22 23 
24 25 
26 27 
0 21 
28 29 
30 0 
0 31 
12 15 
0 25 
32 33 
6 34 
35 4 
35 36 
37 38 
0 39 
40 21 
15 41 
42 43 
15 17 
44 13 
20 29 
6 45 
8 21 
0 3 
38 37 
6 0 
20 44 
27 13 
8 40 
46 21 
15 0 
24 21 
15 47 
28 21 

