%ANN_ERR: 0.0257205
%MRG_EPS: 0.25
%SYN_STR: 
%SYM_FRQ: 0.182482 0.541363 0.276156 
%PITILDE: size(12)
#PITILDE
0.540984 0.327869 0.131148 
0.424242 0.30303 0.272727 
0.308386 0.540126 0.151488 
0.5 0.428571 0.0714286 
0.14023 0.583908 0.275862 
0.0642303 0.421927 0.513843 
0.222222 0.666667 0.111111 
0.362069 0.293103 0.344828 
0.290948 0.571121 0.137931 
0 0.588235 0.411765 
0.354839 0.612903 0.0322581 
0 0.4 0.6 
%CONNX: size(12)
#CONNX
1 0 2 
3 4 2 
5 4 2 
6 4 2 
5 4 2 
7 4 8 
6 4 0 
0 9 10 
5 4 2 
0 11 10 
0 2 0 
0 10 0 

