%ANN_ERR: 0.0141819
%MRG_EPS: 0.25
%SYN_STR: 
%SYM_FRQ: 0.252386 0.48091 0.266704 
%PITILDE: size(12)
#PITILDE
0.226684 0.528928 0.244388 
0.104152 0.461647 0.434201 
0.395847 0.467515 0.136638 
0.167568 0.410811 0.421622 
0.362869 0.35865 0.278481 
0.697531 0.166667 0.135802 
0.174089 0.534413 0.291498 
0.272727 0.227273 0.5 
0.318182 0.590909 0.0909091 
0.0465116 0.44186 0.511628 
0.541667 0.347222 0.111111 
0.230769 0.538462 0.230769 
%CONNX: size(12)
#CONNX
1 0 2 
3 0 2 
1 0 4 
5 6 2 
1 0 7 
5 1 8 
9 6 10 
5 3 4 
0 11 0 
0 0 3 
6 2 0 
0 0 0 

