%ANN_ERR: 0.0615929
%MRG_EPS: 0.25
%SYN_STR: 
%SYM_FRQ: 0.182482 0.277894 0.539625 
%PITILDE: size(17)
#PITILDE
0.279188 0.303441 0.417372 
0.0707071 0.177778 0.751515 
0.109672 0.294473 0.595855 
0.257143 0.2 0.542857 
0.244332 0.357683 0.397985 
0.0672646 0.107623 0.825112 
0.227941 0.183824 0.588235 
0 0.142857 0.857143 
0.666667 0 0.333333 
0.1875 0.225 0.5875 
0 1 0 
0 1 0 
1 0 0 
0.139535 0 0.860465 
0 0 1 
0 0.277778 0.722222 
0.178378 0.367568 0.454054 
%CONNX: size(17)
#CONNX
1 2 0 
3 2 4 
5 2 0 
6 7 4 
5 2 0 
8 2 0 
6 2 9 
10 11 4 
12 -1 13 
14 15 10 
-1 14 -1 
14 14 15 
6 -1 -1 
12 -1 12 
-1 -1 16 
-1 14 13 
14 13 14 

