%ANN_ERR: 0.0227854
%MRG_EPS: 0.25
%SYN_STR: 
%SYM_FRQ: 0.144943 0.629649 0.225408 
%PITILDE: size(13)
#PITILDE
0.226463 0.643766 0.129771 
0.071161 0.490637 0.438202 
0.10704 0.664417 0.228544 
0.368421 0.263158 0.368421 
0.258065 0.64977 0.0921659 
0.0563063 0.454955 0.488739 
0.733333 0.266667 0 
0.087963 0.712963 0.199074 
0.25 0.75 0 
0.52 0.16 0.32 
0.454545 0.454545 0.0909091 
0.923077 0.0769231 0 
0.75 0.25 0 
%CONNX: size(13)
#CONNX
1 2 0 
3 2 4 
5 2 0 
6 7 8 
5 0 4 
9 7 4 
10 7 8 
0 2 4 
0 0 0 
11 0 6 
4 7 8 
12 0 0 
4 4 0 

