%ANN_ERR: 0.0418547
%MRG_EPS: 0.01
%SYN_STR: 
%SYM_FRQ: 0.423814 0.576186 
%PITILDE: size(29)
#PITILDE
0.345133 0.654867 
0.341935 0.658064 
0.486486 0.513514 
0.433962 0.566038 
0.613445 0.386555 
0.363636 0.636364 
0.592105 0.407895 
0.447674 0.552326 
0.533333 0.466667 
0.268519 0.731481 
0.630435 0.369565 
0.28125 0.71875 
0.52027 0.47973 
0.405405 0.594595 
0.327869 0.672131 
0.389474 0.610526 
0.5625 0.4375 
0.247423 0.752577 
0.648649 0.351351 
0.549296 0.450704 
0.292308 0.707692 
0.333333 0.666667 
0.458333 0.541667 
0.769231 0.230769 
0.233766 0.766234 
0.369565 0.630435 
0.181818 0.818182 
1 0 
0.567164 0.432836 
%CONNX: size(29)
#CONNX
1 2 
3 4 
5 6 
7 8 
9 10 
11 12 
13 14 
0 15 
5 16 
13 12 
17 4 
9 18 
1 19 
14 7 
9 20 
0 17 
21 18 
20 7 
22 23 
0 7 
24 25 
9 0 
26 12 
17 27 
16 28 
24 0 
0 28 
24 0 
24 0 

